№   Дата/время           Температура  Осадки (мм)
-----------------------------------------------------------   
1   2025-05-30T00:00     17.5         0.0
2   2025-05-30T01:00     17.4         0.0
3   2025-05-30T02:00     17.1         0.0
4   2025-05-30T03:00     16.1         0.0
5   2025-05-30T04:00     15.8         0.0
6   2025-05-30T05:00     16.7         0.0
7   2025-05-30T06:00     19.1         0.0
8   2025-05-30T07:00     21.0         0.0
9   2025-05-30T08:00     22.9         0.0
10  2025-05-30T09:00     25.2         0.0
11  2025-05-30T10:00     27.2         0.0
12  2025-05-30T11:00     28.8         0.0
13  2025-05-30T12:00     29.0         0.0
14  2025-05-30T13:00     30.0         0.0
15  2025-05-30T14:00     30.1         0.0
16  2025-05-30T15:00     29.5         0.0
17  2025-05-30T16:00     29.1         0.0
18  2025-05-30T17:00     28.8         0.0
19  2025-05-30T18:00     27.0         0.0
20  2025-05-30T19:00     25.2         0.0
21  2025-05-30T20:00     23.0         0.0
22  2025-05-30T21:00     21.3         0.0
23  2025-05-30T22:00     20.5         0.0
24  2025-05-30T23:00     19.8         0.0